80870
82334
83812
83899
84075
84079
301813
326663
332132
335485
335573
350837
351790
353417
372935
372936
372937
372938
372939
372940
372941
378837
378838
378839
378840
378845
378847
385624
385625
385626
385627
362696
390512
390513
390519
390521
390522
390523
390524
390525
390527
390528
396463
396464
396465
396466
396467
396468
396469
396470
396471
412890
593115
593116
595129
353705
355739
356265
357432
358254
359205
359951
360705
363503
363886
363887
365018
365993
593115
593116
595129
388101
391885
392198
395864
396574
398218
398358
400321
402304
403720
406503
593115
593116
595129
402304
405479
406120
408058
409177
412646
413329
414307
414770
423044
426925
426926
426927
426928
593115
593116
595129
425906
426946
430463
437023
437823
439296
441104
458828
461915
462138
469985
472022
472447
486172
489542
497228
498418
498419
498420
498421
498422
498483
499910
505995
512433
512946
513656
514369
514667
515289
515305
515390
515391
515392
515394
518882
519196
520571
523625
523658
523680
524794
527920
527927
536564
528393
528394
529007
529008
529009
529010
529014
529988
531275
534196
534521
535553
557262
537358
537359
538483
539352
541379
537729
550538
551781
555109
536891
557934
558085
558802
558963
561720
579686
581321
582499
585525
597315
600435
621331
588747
592754
597313
599168
600010
605127
606175
610083
606744
606746
606750
606759
606760
606763
606765
606768
606769
606772
606777
606782
609391
613905
614033
616909
617412
620235
620236
620240
623207
623517
627478
627912
630994
631474
636763
638374
639990
639991
640102
640103
642121
643019
644832
644838
645048
645802
645887
646108
646115
646116
646117
649638
650635
650927
652316
654476
673597
655294
660391
662868
663335
663846
663847
663854
